===== Comparacao mes a mes: Metodo A (breaks fixos do treino) vs Metodo B (re-corte mensal) =====
Chave: <ym>
        ym     ret_ls_A n_1_A n_5_A      ret_ls_B n_1_B n_5_B
     <int>        <num> <int> <int>         <num> <int> <int>
 1: 202001  0.017097930    16    27  0.0265634761    53    53
 2: 202002  0.216369414   257     1  0.1090665203    54    54
 3: 202003           NA   265    NA -0.0519066720    53    53
 4: 202004 -0.001660574     1   242  0.0398695272    53    53
 5: 202005  0.038339800     5    85  0.0166302062    53    53
 6: 202006           NA    NA   259  0.0349418021    54    54
 7: 202007  0.052298030     7   186  0.0008786183    54    54
 8: 202008 -0.014812130   140     4 -0.0060495030    54    54
 9: 202009  0.051170259   220     3  0.0394634691    57    57
10: 202010  0.305725074   137     3 -0.0565056493    57    56
11: 202011 -0.029449050     6   272 -0.0239497214    57    56
12: 202012           NA    NA   242  0.0090197588    57    57
13: 202101  0.096495636   169     3  0.0303558358    59    59
14: 202102  0.018568739   242     1  0.0379774551    64    63
15: 202103  0.033529263     5    79  0.0367543890    64    64
16: 202104  0.003524658     7   169  0.0570266592    66    66
17: 202105  0.069429048     8   125  0.0386604197    67    67
18: 202106  0.027221424     1    46  0.0080197149    68    67
19: 202107  0.082996254   319     7  0.0264841028    70    70
20: 202108 -0.003037106   298     6  0.0038697505    69    69
21: 202109 -0.007280928   339     1  0.0678149979    70    69
22: 202110  0.016790223   336     1 -0.0182439503    70    70
23: 202111  0.008241454   259     2 -0.0040678791    70    70
24: 202112           NA    NA    11  0.0550716821    17    17
25: 202201 -0.009810990    14    62 -0.0060123700    66    66
26: 202203 -0.002419222     1   191  0.0035486162    65    65
27: 202205  0.113351177   100     6  0.0586303905    66    66
28: 202206           NA   314    NA -0.0842350173    64    63
29: 202208 -0.087650642     7   232 -0.0155744824    63    63
30: 202209 -0.052561881    98    14 -0.0139302003    64    64
31: 202210 -0.111937926    17    69 -0.0729444362    64    64
32: 202211 -0.010451541   299     3  0.0017338544    64    63
33: 202301  0.110239006     6    67 -0.0218267663    72    72
34: 202302  0.013778469   254    66  0.0297461426    72    72
35: 202303 -0.026162635   185     3  0.0445446805    72    72
36: 202305  0.152874132     5   305  0.0623795000    71    71
37: 202306  0.021372143     2   301 -0.0151353133    71    71
38: 202307 -0.014380053    19    24  0.0074767318    70    70
39: 202308  0.103794660   293     9  0.0618133898    71    70
40: 202310           NA   341    NA -0.0578873223    70    70
41: 202311  0.059513972     9   296 -0.0235766754    69    69
42: 202401 -0.009758159   307     1  0.0115623648    70    70
43: 202402 -0.023797137    28    21 -0.0105877282    70    70
44: 202404 -0.087326270   287    11 -0.0253395433    68    68
45: 202405 -0.069667350   291     1  0.0248180122    68    68
46: 202407  0.071116101    19    49  0.0179874493    68    68
47: 202409           NA   267    NA -0.1188805682    66    66
48: 202410 -0.020876112   140    23 -0.0017178924    66    66
49: 202412 -0.097944635   284     5 -0.0466578068    65    65
50: 202501 -0.034473955     7    96 -0.0455966150    65    65
51: 202502 -0.064150509   257     4  0.0035398495    65    65
52: 202503  0.099710342     7    99  0.0550122786    65    65
53: 202504 -0.026760534    18   187  0.0313189686    64    64
54: 202506  0.230276698    77     5  0.0058667763    63    63
55: 202507 -0.018563347   283     5  0.0228282176    63    63
56: 202509 -0.010937325    28    16  0.0328992482    63    62
57: 202510  0.097612616    38    22  0.0736507183    62    62
58: 202512 -0.006656919    69    10  0.0178836161    60    60
59: 202603 -0.005785174   242     4 -0.0024516595    57    57
60: 202604 -0.005457861   127     6  0.0359103738    55    55
61: 202606           NA   163    NA  0.0021575613    50    50
62: 202607  0.009031505    85    16  0.0088477124    99    98
        ym     ret_ls_A n_1_A n_5_A      ret_ls_B n_1_B n_5_B

===== Resumo =====
Metodo A (breaks fixos do treino):
  24m completo : Sharpe=1.019 | media=NA%/mes | t=2.16 | p=0.0352 | N=62
  So' 2021 (12m): Sharpe=0.704 | media=NA%/mes | t=1.36 | p=0.1794 | N=50
Metodo B (re-corte mensal):
  24m completo : Sharpe=0.727 | media=0.854%/mes | t=1.65 | p=0.1037 | N=62
  So' 2021 (12m): Sharpe=0.677 | media=0.783%/mes | t=1.38 | p=0.1735 | N=50

===== N por perna, os dois metodos (media/mediana/min) =====
Metodo A: perna curta med=100 min=1 | perna longa med=16 min=1
Metodo B: perna curta med=65 min=17 | perna longa med=65 min=17

OK
